id,Date,Sale,product
0,2025-08-14,111.40776157102584,0.9379559176240174
1,2025-09-04,97.30492748143894,0.577678226132194
2,2025-05-08,95.85498197222688,0.763162790337187
3,2025-06-17,82.02588301856967,0.8946224345017746
4,2025-01-11,56.29537629302635,0.9413757640923519
5,2025-05-13,97.67645794630786,0.9531897302943784
6,2025-12-07,70.4971692773223,0.5068966222215497
7,2025-08-22,116.42939289125295,0.6278159255828605
8,2025-04-26,56.66050583285838,0.8120749876656527
9,2025-01-06,59.76867807520674,0.8730236618910127
10,2025-02-21,58.647763003158644,0.13875718892331113
11,2025-03-22,112.53996281386415,0.8432885234936845
12,2025-09-29,114.85268749892879,0.5594854053656796
13,2025-07-13,97.02807024146753,0.2970152099355977
14,2025-12-02,56.24104202716858,0.6502333470349292
15,2025-06-23,51.964968326103836,0.34578338950052234
16,2025-02-17,79.6680913212587,0.07863736753353578
17,2025-08-09,57.87543953933036,0.2910523372605327
18,2025-09-21,101.69683352018137,0.45432020242904203
19,2025-02-23,108.70910335490652,0.8033326551971657
20,2025-03-02,97.75164263144435,0.3475240681747144
21,2025-11-19,69.38336345016646,0.5628350596541795
22,2025-10-06,60.01373821993184,0.8352298612456579
23,2025-09-30,58.921634088638925,0.9673933398703518
24,2025-07-29,115.09256158149682,0.20566611178473526
25,2025-03-19,75.18076498065119,0.879065015849881
26,2025-07-26,69.05121916848617,0.13466559622534657
27,2025-05-06,50.065207969168156,0.24897750656664208
28,2025-05-25,97.98117653436165,0.29992880028655844
29,2025-12-30,101.47263506690098,0.36267213019005073
30,2025-06-07,61.434862367753794,0.2576520493386669
31,2025-07-11,84.66684902272048,0.2616722012691476
32,2025-06-05,77.16218517277238,0.3265153783441921
33,2025-12-29,82.15650709346245,0.8441808700816967
34,2025-01-07,66.1087752462589,0.051640034134190826
35,2025-04-27,81.75992103408426,0.9052414631881668
36,2025-10-20,114.56717327924024,0.9154730964445811
37,2025-10-12,108.36109087128969,0.7589807447700082
38,2025-01-08,67.66153242905278,0.992995847853169
39,2025-10-14,96.60991751284364,0.3689356696823669
40,2025-04-22,76.49243620290353,0.7449829402292921
41,2025-11-19,76.82592082047213,0.03430153957254678
42,2025-06-19,115.01863349306323,0.7453125049463794
43,2025-06-28,81.01423310529155,0.606052721183194
44,2025-05-26,94.95423288403919,0.6832039890932274
45,2025-03-20,54.10140158176932,0.3301937169396483
46,2025-06-20,82.51509887587541,0.08652949191035086
47,2025-07-02,92.54835967907891,0.2530393857950376
48,2025-10-19,81.6111429320514,0.2583455237640825
49,2025-12-08,58.4349229859825,0.25127098094474165
50,2025-11-03,95.02739654627403,0.34236611568135233
51,2025-09-24,76.20692341456812,0.051854045633353274
52,2025-05-15,101.35407313100728,0.6839920594103219
53,2025-01-17,88.87480732189556,0.2568637261474991
54,2025-12-08,82.58227955070993,0.1352717543379348
55,2025-04-14,108.15457735676874,0.9105857673919155
56,2025-09-25,59.227671846475396,0.5542402645227645
57,2025-09-22,52.09030442943985,0.791997963174167
58,2025-11-28,62.93264482683835,0.7572072608370767
59,2025-12-26,92.59534309776467,0.5333605195386527
60,2025-07-09,85.67138395705473,0.14294603656216043
61,2025-07-21,109.81992798894686,0.27510526864089047
62,2025-05-30,108.39962480473821,0.3564051082159947
63,2025-01-29,87.59050038841013,0.3076787767123498
64,2025-11-15,86.34332176653038,0.9414831975103084
65,2025-05-18,75.59639636118098,0.4409571978288499
66,2025-09-01,98.72814393299169,0.12141361292333264
67,2025-05-09,71.68149860713355,0.285250715008489
68,2025-07-10,78.42385356186122,0.8970103872930962
69,2025-09-16,99.85297415686995,0.3689460596873594
70,2025-03-07,89.84788586800983,0.6913629051606665
71,2025-01-06,95.80700604294174,0.14126394188086067
72,2025-03-09,117.65669028520112,0.07482765590789042
73,2025-01-16,53.415924994682804,0.43219212169767385
74,2025-04-29,97.19287164583079,0.911135680433898
75,2025-06-07,77.27379368219366,0.882602050200627
76,2025-08-26,71.42392585055643,0.2631152054706588
77,2025-01-02,117.2327377736754,0.3671110604985164
78,2025-08-18,105.51995725682244,0.9992495038168138
79,2025-01-21,96.5634125130083,0.6596831973372941
80,2025-06-14,108.99041460607606,0.7795423390305164
81,2025-05-04,73.77350642822319,0.17426606773014885
82,2025-02-20,95.20981537120252,0.40550801787710766
83,2025-09-23,116.80070510722103,0.04412667660067704
84,2025-12-30,74.59207211255101,0.6658914015291809
85,2025-05-04,70.20381594495328,0.567823237010901
86,2025-03-18,82.79606283883123,0.35842570742261126
87,2025-05-25,115.30470715060065,0.21594612562409754
88,2025-08-02,71.24234584873474,0.16479737831008245
89,2025-01-25,60.68702771522672,0.9079681459066631
90,2025-04-29,75.55615437172355,0.8614875151201654
91,2025-06-01,75.33877893014757,0.6375225099429741
92,2025-10-24,95.53769039325394,0.6895508656371636
93,2025-01-12,57.096886498312315,0.8019511257561871
94,2025-05-12,78.78288840610793,0.8988195059362515
95,2025-12-08,103.43640735892166,0.8827621117593034
96,2025-09-27,52.73690895662449,0.6458598349210255
97,2025-05-19,76.82242158000003,0.1261180757993564
98,2025-06-26,82.0639977893731,0.8468891771065173
99,2025-03-06,73.14449994944555,0.7752814022824378
